1111111111006666666666003333333333
1111111111776666666666776333333333
1111111111776666666666776333333333
1111111111776666666666776333333333
1111161111776666666666776333333333
1111111111776666666666776333333333
1111111111776666666666776333333333
1111111111776666666666776333333333
1111111111776666666666776333333333
1111811111776666666666776666683333
0777777777777777777777777777777770
0777777777777777777777777777777770
2222222221111111111111774444444444
2222222221166616666661774444444444
2222222221771616666661774444444444
2222222221771616666661774444444444
2222222221771616666661774444444444
2222222228771616666661778444444444
2222222221771616666661774444444444
2222222221771616666661774444444444
2222222221771676666661774444444444
2222222222771111111111774444444444
0777777777777777777777777777777770
0777777777777777777777777777777770
&&&&&&&&&&775555855555776666666666
&&&&&&&&&&775555555555776666666666
&&&&&&&&&&775555555555776666666666
&&&&&&&&&&775555555555776666666666
&&&&&&&&&&775555555555776666666666
&&&&&&&&&&775555555555776666666666
&&&&&&&&&&775555555555776666666666
&&&&&&&&&&775555555555776666666666
&&&&&&&&&&775555555555776666666666
&&&&&&&&&&005555555555006666666666